{
 "cells": [
  {
   "cell_type": "markdown",
   "id": "c4428484-19b7-4d24-b3a3-36d42b96e595",
   "metadata": {},
   "source": [
    "2. Generate at random 3 matrices of size $3 \\times 3$ and fill each entry with a random integer chosen from -10 to 10. Use an existing package to compute the inverse of each matrix if it exists. Include in your report:\n",
    "    - Each of the 3 matrices\n",
    "    - The inverses computed with the package\n",
    "    - Compute the product of each matrix with its inverse to check that you obtain the identity matrix.\n"
   ]
  },
  {
   "cell_type": "code",
   "execution_count": 2,
   "id": "44edb1fe-16e1-402d-a1f5-ae16c1137af5",
   "metadata": {},
   "outputs": [
    {
     "name": "stdout",
     "output_type": "stream",
     "text": [
      "Matrix 1:\n",
      " [[ 5  9  8]\n",
      " [ 0  8 -1]\n",
      " [ 0 -5  1]]\n",
      "\n",
      "Matrix 2:\n",
      " [[ 9 -7  3]\n",
      " [-5  9 -5]\n",
      " [ 4 -7  5]]\n",
      "\n",
      "Matrix 3:\n",
      " [[ 6 -8 -7]\n",
      " [10 -2  2]\n",
      " [ 6 -7  1]]\n"
     ]
    }
   ],
   "source": [
    "import numpy as np\n",
    "\n",
    "matrix1 = np.random.randint(-10, 11, size=(3,3))\n",
    "matrix2 = np.random.randint(-10, 11, size=(3,3))\n",
    "matrix3 = np.random.randint(-10, 11, size=(3,3))\n",
    "\n",
    "print(\"Matrix 1:\\n\", matrix1)\n",
    "print(\"\\nMatrix 2:\\n\", matrix2)\n",
    "print(\"\\nMatrix 3:\\n\", matrix3)\n"
   ]
  },
  {
   "cell_type": "code",
   "execution_count": 3,
   "id": "b45ec986-5415-42cc-9465-a635fe307ab3",
   "metadata": {},
   "outputs": [
    {
     "name": "stdout",
     "output_type": "stream",
     "text": [
      "Inverse of Matrix 1\n",
      " [[ 0.2        -3.26666667 -4.86666667]\n",
      " [ 0.          0.33333333  0.33333333]\n",
      " [ 0.          1.66666667  2.66666667]]\n",
      "\n",
      "Inverse of Matrix 2\n",
      " [[ 0.19230769  0.26923077  0.15384615]\n",
      " [ 0.09615385  0.63461538  0.57692308]\n",
      " [-0.01923077  0.67307692  0.88461538]]\n",
      "\n",
      "Inverse of Matrix 3\n",
      " [[ 0.02597403  0.12337662 -0.06493506]\n",
      " [ 0.004329    0.1038961  -0.17748918]\n",
      " [-0.12554113 -0.01298701  0.14718615]]\n"
     ]
    }
   ],
   "source": [
    "inverse_1 = np.linalg.inv(matrix1)\n",
    "inverse_2 = np.linalg.inv(matrix2)\n",
    "inverse_3 = np.linalg.inv(matrix3)\n",
    "\n",
    "print(\"Inverse of Matrix 1\\n\", inverse_1)\n",
    "print(\"\\nInverse of Matrix 2\\n\", inverse_2)\n",
    "print(\"\\nInverse of Matrix 3\\n\", inverse_3)\n"
   ]
  },
  {
   "cell_type": "code",
   "execution_count": 4,
   "id": "21f2b08d-3ad7-46a7-b0e2-2d7bcfe341ff",
   "metadata": {},
   "outputs": [
    {
     "name": "stdout",
     "output_type": "stream",
     "text": [
      "Product of Matrix 1 and its Inverse:\n",
      " [[1. 0. 0.]\n",
      " [0. 1. 0.]\n",
      " [0. 0. 1.]]\n",
      "\n",
      "Product of Matrix 2 and its Inverse:\n",
      " [[1. 0. 0.]\n",
      " [0. 1. 0.]\n",
      " [0. 0. 1.]]\n",
      "\n",
      "Product of Matrix 3 and its Inverse:\n",
      " [[1. 0. 0.]\n",
      " [0. 1. 0.]\n",
      " [0. 0. 1.]]\n"
     ]
    }
   ],
   "source": [
    "product_m1_i1 = matrix1 @ inverse_1\n",
    "\n",
    "product_m2_i2 = matrix2 @ inverse_2\n",
    "\n",
    "product_m3_i3 = matrix3 @ inverse_3\n",
    "\n",
    "def clean_matrix(matrix):\n",
    "    matrix_rounded = np.round(matrix, 6)\n",
    "    matrix_rounded_bool = np.abs(matrix_rounded) < 1e-10 \n",
    "    matrix_rounded[matrix_rounded_bool] = 0\n",
    "    return matrix_rounded\n",
    "\n",
    "\n",
    "print(\"Product of Matrix 1 and its Inverse:\\n\", clean_matrix(product_m1_i1))\n",
    "print(\"\\nProduct of Matrix 2 and its Inverse:\\n\", clean_matrix(product_m2_i2))\n",
    "print(\"\\nProduct of Matrix 3 and its Inverse:\\n\", clean_matrix(product_m3_i3))"
   ]
  }
 ],
 "metadata": {
  "kernelspec": {
   "display_name": "Python [conda env:base] *",
   "language": "python",
   "name": "conda-base-py"
  },
  "language_info": {
   "codemirror_mode": {
    "name": "ipython",
    "version": 3
   },
   "file_extension": ".py",
   "mimetype": "text/x-python",
   "name": "python",
   "nbconvert_exporter": "python",
   "pygments_lexer": "ipython3",
   "version": "3.12.7"
  }
 },
 "nbformat": 4,
 "nbformat_minor": 5
}
